All Finished Orders
-------------------
N	TF	ID	TQ	TA	TR	TS	TI	TC	Tw	Tserv
1-	340	50	7	326	335	336	320	9	329	4
2-	336	45	6	318	326	333	319	8	327	3
3-	333	39	5	309	318	325	311	9	320	8
4-	322	32	4	299	309	319	305	10	315	3
5-	321	24	3	294	309	313	295	15	310	8
6-	314	26	3	287	299	309	294	12	306	5
7-	303	17	2	272	294	294	270	22	292	9
8-	291	19	2	276	287	287	274	11	285	4
9-	285	13	1	267	276	282	272	9	281	3
10-	277	7	1	252	272	272	251	20	271	5
11-	270	12	1	260	267	267	259	7	266	3
12-	265	49	7	244	260	260	237	16	253	5
13-	257	9	1	237	252	253	237	15	252	4
14-	251	44	6	229	244	244	223	15	238	7
15-	242	43	6	218	237	237	212	19	231	5
16-	234	38	5	212	229	229	207	17	224	5
17-	222	30	4	200	218	218	196	18	214	4
18-	217	31	4	196	212	212	192	16	208	5
19-	202	37	5	180	200	200	175	20	195	2
20-	201	25	3	183	196	196	180	13	193	5
21-	187	18	2	169	183	183	167	14	181	4
22-	182	48	7	152	180	180	145	28	173	2
23-	173	11	1	151	169	169	150	18	168	4
24-	154	23	3	127	152	152	124	25	149	2
25-	154	10	1	139	151	151	138	12	150	3
26-	140	42	6	132	139	139	126	7	133	1
27-	133	35	5	124	132	132	119	8	127	1
28-	129	36	5	97	127	127	92	30	122	2
29-	125	29	4	118	124	124	114	6	120	1
30-	119	22	3	111	118	118	108	7	115	1
31-	112	16	2	105	111	111	103	6	109	1
32-	106	6	1	98	105	105	97	7	104	1
33-	99	5	1	93	98	98	92	5	97	1
34-	99	8	1	87	97	97	86	10	96	2
35-	97	47	7	81	93	93	74	12	86	4
36-	92	46	7	77	87	87	70	10	80	5
37-	87	41	6	68	81	81	62	13	75	6
38-	82	40	6	66	77	77	60	11	71	5
39-	73	34	5	56	68	68	51	12	63	5
40-	71	33	5	56	66	66	51	10	61	5
41-	62	28	4	42	56	56	38	14	52	6
42-	61	27	4	45	56	56	41	11	52	5
43-	50	20	3	36	45	45	33	9	42	5
44-	46	21	3	34	42	42	31	8	39	4
45-	42	14	2	23	36	36	21	13	34	6
46-	39	15	2	24	34	34	22	10	32	5
47-	28	4	1	16	24	24	15	8	23	4
48-	28	2	1	13	23	23	12	10	22	5
49-	21	3	1	1	16	16	0	15	15	5
50-	19	1	1	1	13	13	0	12	12	6
-------------------------------------------------------------------------------------

Statistics
----------
1- Total Orders: 50 [ ODN: 8, ODG: 8 , OT: 7, OVN: 8, OVC: 8, OVG: 11, COMBO: 0 ]

2- Total Chefs: 2 [ CN: 1, CS: 1 ]

3- Total Scooters: 2

4- Percentage of finished orders: 100%

   Percentage of cancelled orders: 0%

5- Percentage of overwait orders: 100%

6- Average Ti: 145.42, Average Tc: 12.84, Average Tw: 158.26, Average Tserv: 4.08

7- Scooters utilization: 41.1175%

8- Chefs utilization: 91.9771%

9- Scooter Failures: 3 (Percentage: 11.1111%)

