All Finished Orders
-------------------
N	TF	ID	TQ	TA	TR	TS	TI	TC	Tw	Tserv
1-	109	72	50	70	75	75	20	5	25	34
2-	103	69	45	70	75	75	25	5	30	28
3-	102	66	40	60	64	64	20	4	24	38
4-	102	67	45	60	68	70	17	8	25	32
5-	99	55	30	40	45	59	24	5	29	40
6-	88	71	50	70	73	73	20	3	23	15
7-	88	63	40	50	56	58	12	6	18	30
8-	84	68	45	70	72	72	25	2	27	12
9-	81	70	45	70	71	74	28	1	29	7
10-	80	61	35	50	53	62	24	3	27	18
11-	78	64	40	60	63	63	20	3	23	15
12-	72	65	40	60	62	62	20	2	22	10
13-	72	62	35	50	54	54	15	4	19	18
14-	71	43	20	30	35	45	20	5	25	26
15-	68	58	30	45	46	60	29	1	30	8
16-	66	57	30	45	48	50	17	3	20	16
17-	60	49	25	35	38	45	17	3	20	15
18-	59	46	20	30	34	39	15	4	19	20
19-	58	52	25	40	42	46	19	2	21	12
20-	58	53	25	40	43	43	15	3	18	15
21-	58	37	15	20	23	39	21	3	24	19
22-	57	56	30	45	47	47	15	2	17	10
23-	55	45	20	30	33	37	14	3	17	18
24-	54	24	5	8	13	13	3	5	8	41
25-	54	28	10	10	20	20	0	10	10	34
26-	47	31	10	15	17	17	5	2	7	30
27-	45	38	15	20	25	25	5	5	10	20
28-	44	9	1	1	6	6	0	5	5	38
29-	42	50	25	35	36	36	10	1	11	6
30-	42	47	20	30	32	32	10	2	12	10
31-	40	44	20	30	32	32	10	2	12	8
32-	40	19	5	6	12	12	1	6	7	28
33-	37	27	5	8	11	11	3	3	6	26
34-	35	41	15	20	23	23	5	3	8	12
35-	34	39	15	20	22	23	6	2	8	11
36-	33	35	10	15	19	19	5	4	9	14
37-	32	40	15	20	21	25	9	1	10	7
38-	30	32	10	15	18	18	5	3	8	12
39-	27	34	10	15	17	17	5	2	7	10
40-	27	26	5	8	12	12	3	4	7	15
41-	26	29	10	15	16	16	5	1	6	10
42-	26	22	5	7	10	10	2	3	5	16
43-	24	14	1	1	4	4	0	3	3	20
44-	22	23	5	8	10	10	3	2	5	12
45-	22	5	1	1	5	5	0	4	4	17
46-	19	20	5	7	9	9	2	2	4	10
47-	19	7	1	1	4	4	0	3	3	15
48-	19	11	1	1	4	4	0	3	3	15
49-	18	15	1	1	4	4	0	3	3	14
50-	15	8	1	1	3	3	0	2	2	12
51-	14	21	5	7	8	8	2	1	3	6
52-	14	13	1	1	3	3	0	2	2	11
53-	13	25	5	8	9	9	3	1	4	4
54-	13	2	1	1	3	3	0	2	2	10
55-	13	16	1	1	3	3	0	2	2	10
56-	13	3	1	1	3	3	0	2	2	10
57-	10	4	1	1	2	2	0	1	1	8
58-	9	10	1	1	2	2	0	1	1	7
-------------------------------------------------------------------------------------

Statistics
----------
1- Total Orders: 72 [ ODN: 11, ODG: 13 , OT: 0, OVN: 21, OVC: 22, OVG: 5, COMBO: 0 ]

2- Total Chefs: 20 [ CN: 10, CS: 10 ]

3- Total Scooters: 15

4- Percentage of finished orders: 80.5556%

   Percentage of cancelled orders: 19.4444%

5- Percentage of overwait orders: 10.3448%

6- Average Ti: 9.55172, Average Tc: 3.06897, Average Tw: 12.6207, Average Tserv: 16.9828

7- Scooters utilization: 74.8259%

8- Chefs utilization: 7.42537%

9- Scooter Failures: 10 (Percentage: 20.8333%)

