All Finished Orders
-------------------
N	TF	ID	TQ	TA	TR	TS	TI	TC	Tw	Tserv
1-	243	145	220	220	222	222	0	2	2	21
2-	238	144	215	215	217	218	1	2	3	20
3-	236	150	225	225	226	226	0	1	1	10
4-	236	149	225	225	226	226	0	1	1	10
5-	236	148	225	225	226	226	0	1	1	10
6-	236	147	225	225	226	226	0	1	1	10
7-	236	146	225	225	226	226	0	1	1	10
8-	226	143	215	215	216	216	0	1	1	10
9-	226	142	215	215	216	216	0	1	1	10
10-	226	141	215	215	216	216	0	1	1	10
11-	226	140	215	215	216	216	0	1	1	10
12-	224	130	195	195	198	198	0	3	3	26
13-	223	139	210	210	211	211	0	1	1	12
14-	222	129	190	190	192	192	0	2	2	30
15-	221	138	205	205	206	206	0	1	1	15
16-	218	137	205	205	206	206	0	1	1	12
17-	218	136	205	205	206	206	0	1	1	12
18-	211	135	200	200	201	201	0	1	1	10
19-	211	134	200	200	201	201	0	1	1	10
20-	211	133	200	200	201	201	0	1	1	10
21-	211	132	200	200	201	201	0	1	1	10
22-	211	131	200	200	201	201	0	1	1	10
23-	201	128	190	190	191	191	0	1	1	10
24-	201	127	190	190	191	191	0	1	1	10
25-	201	126	190	190	191	191	0	1	1	10
26-	201	125	190	190	191	191	0	1	1	10
27-	199	122	180	180	181	181	0	1	1	18
28-	199	121	180	180	181	181	0	1	1	18
29-	197	123	180	180	181	182	1	1	2	15
30-	193	124	185	185	186	186	0	1	1	7
31-	191	115	170	170	172	172	0	2	2	19
32-	189	114	165	165	167	167	0	2	2	22
33-	186	120	175	175	176	176	0	1	1	10
34-	186	119	175	175	176	176	0	1	1	10
35-	186	118	175	175	176	176	0	1	1	10
36-	186	117	175	175	176	176	0	1	1	10
37-	186	116	175	175	176	176	0	1	1	10
38-	182	99	145	145	147	147	0	2	2	35
39-	178	113	165	165	166	166	0	1	1	12
40-	178	112	165	165	166	166	0	1	1	12
41-	178	111	165	165	166	166	0	1	1	12
42-	178	110	165	165	166	166	0	1	1	12
43-	176	100	150	150	152	152	0	2	2	24
44-	174	108	155	155	156	156	0	1	1	18
45-	173	109	160	160	161	161	0	1	1	12
46-	171	107	155	155	156	156	0	1	1	15
47-	171	106	155	155	156	156	0	1	1	15
48-	161	105	150	150	151	151	0	1	1	10
49-	161	104	150	150	151	151	0	1	1	10
50-	161	103	150	150	151	151	0	1	1	10
51-	161	102	150	150	151	151	0	1	1	10
52-	161	101	150	150	151	151	0	1	1	10
53-	158	98	145	145	146	146	0	1	1	12
54-	158	97	145	145	146	146	0	1	1	12
55-	158	96	145	145	146	146	0	1	1	12
56-	158	95	145	145	146	146	0	1	1	12
57-	156	92	135	135	136	136	0	1	1	20
58-	156	91	135	135	136	136	0	1	1	20
59-	154	93	135	135	136	136	0	1	1	18
60-	152	85	125	125	127	127	0	2	2	25
61-	151	84	120	120	122	126	4	2	6	25
62-	149	94	140	140	141	141	0	1	1	8
63-	141	90	130	130	131	131	0	1	1	10
64-	141	89	130	130	131	131	0	1	1	10
65-	141	88	130	130	131	131	0	1	1	10
66-	141	87	130	130	131	131	0	1	1	10
67-	141	86	130	130	131	131	0	1	1	10
68-	139	70	100	100	103	103	0	3	3	36
69-	135	79	115	115	116	116	0	1	1	19
70-	133	83	120	120	121	121	0	1	1	12
71-	133	82	120	120	121	121	0	1	1	12
72-	133	81	120	120	121	121	0	1	1	12
73-	133	80	120	120	121	121	0	1	1	12
74-	131	78	110	110	111	111	0	1	1	20
75-	127	69	95	95	97	97	0	2	2	30
76-	126	77	110	110	111	111	0	1	1	15
77-	126	76	110	110	111	111	0	1	1	15
78-	116	75	105	105	106	106	0	1	1	10
79-	116	74	105	105	106	106	0	1	1	10
80-	116	73	105	105	106	106	0	1	1	10
81-	116	72	105	105	106	106	0	1	1	10
82-	116	71	105	105	106	106	0	1	1	10
83-	110	68	95	95	96	96	0	1	1	14
84-	110	67	95	95	96	96	0	1	1	14
85-	110	66	95	95	96	96	0	1	1	14
86-	110	65	95	95	96	96	0	1	1	14
87-	108	62	85	85	86	86	0	1	1	22
88-	108	61	85	85	86	86	0	1	1	22
89-	101	63	85	85	86	86	0	1	1	15
90-	97	64	90	90	91	91	0	1	1	6
91-	97	54	70	70	72	72	0	2	2	25
92-	91	60	80	80	81	81	0	1	1	10
93-	91	59	80	80	81	81	0	1	1	10
94-	91	58	80	80	81	81	0	1	1	10
95-	91	57	80	80	81	81	0	1	1	10
96-	91	56	80	80	81	81	0	1	1	10
97-	89	55	75	75	77	77	0	2	2	12
98-	83	53	70	70	71	71	0	1	1	12
99-	83	52	70	70	71	71	0	1	1	12
100-	83	51	70	70	71	71	0	1	1	12
101-	83	50	70	70	71	71	0	1	1	12
102-	82	39	45	45	47	47	0	2	2	35
103-	81	49	65	65	66	66	0	1	1	15
104-	79	48	60	60	61	61	0	1	1	18
105-	79	47	60	60	61	61	0	1	1	18
106-	79	46	60	60	61	61	0	1	1	18
107-	74	40	50	50	52	52	0	2	2	22
108-	66	45	55	55	56	56	0	1	1	10
109-	66	44	55	55	56	56	0	1	1	10
110-	66	43	55	55	56	56	0	1	1	10
111-	66	42	55	55	56	56	0	1	1	10
112-	66	41	55	55	56	56	0	1	1	10
113-	63	24	20	20	22	23	1	2	3	40
114-	61	38	45	45	46	46	0	1	1	15
115-	61	37	45	45	46	46	0	1	1	15
116-	61	36	45	45	46	46	0	1	1	15
117-	61	35	45	45	46	46	0	1	1	15
118-	56	33	35	35	36	36	0	1	1	20
119-	56	32	35	35	36	36	0	1	1	20
120-	56	31	35	35	36	36	0	1	1	20
121-	51	34	40	40	41	41	0	1	1	10
122-	46	14	10	10	12	16	4	2	6	30
123-	44	25	25	25	27	27	0	2	2	17
124-	43	13	10	10	12	13	1	2	3	30
125-	41	30	30	30	31	31	0	1	1	10
126-	41	29	30	30	31	31	0	1	1	10
127-	41	28	30	30	31	31	0	1	1	10
128-	41	27	30	30	31	31	0	1	1	10
129-	41	26	30	30	31	31	0	1	1	10
130-	37	15	10	10	11	11	0	1	1	26
131-	36	23	20	20	21	21	0	1	1	15
132-	36	22	20	20	21	21	0	1	1	15
133-	36	21	20	20	21	21	0	1	1	15
134-	31	11	5	5	6	6	0	1	1	25
135-	31	10	5	5	6	6	0	1	1	25
136-	26	20	15	15	16	16	0	1	1	10
137-	26	19	15	15	16	16	0	1	1	10
138-	26	18	15	15	16	16	0	1	1	10
139-	26	17	15	15	16	16	0	1	1	10
140-	26	16	15	15	16	16	0	1	1	10
141-	23	6	2	2	3	3	0	1	1	20
142-	17	3	1	1	2	2	0	1	1	15
143-	17	5	1	1	2	2	0	1	1	15
144-	17	4	1	1	2	2	0	1	1	15
145-	17	2	1	1	2	2	0	1	1	15
146-	17	1	1	1	2	2	0	1	1	15
147-	16	12	5	5	6	6	0	1	1	10
148-	13	8	2	2	3	3	0	1	1	10
149-	13	7	2	2	3	3	0	1	1	10
150-	10	9	2	2	3	3	0	1	1	7
-------------------------------------------------------------------------------------

Statistics
----------
1- Total Orders: 150 [ ODN: 21, ODG: 110 , OT: 0, OVN: 9, OVC: 10, OVG: 0, COMBO: 0 ]

2- Total Chefs: 30 [ CN: 15, CS: 15 ]

3- Total Scooters: 10

4- Percentage of finished orders: 100%

   Percentage of cancelled orders: 0%

5- Percentage of overwait orders: 0%

6- Average Ti: 0.08, Average Tc: 1.14667, Average Tw: 1.22667, Average Tserv: 14.4867

7- Scooters utilization: 26.0769%

8- Chefs utilization: 2.20513%

9- Scooter Failures: 6 (Percentage: 31.5789%)

