All Finished Orders
-------------------
N	TF	ID	TQ	TA	TR	TS	TI	TC	Tw	Tserv
1-	196	93	81	96	97	192	110	1	111	4
2-	196	58	45	96	97	192	146	1	147	4
3-	188	81	63	96	97	184	120	1	121	4
4-	187	96	83	96	97	182	98	1	99	5
5-	180	60	48	96	97	176	127	1	128	4
6-	178	91	80	95	96	173	92	1	93	5
7-	172	79	60	95	96	168	107	1	108	4
8-	171	62	48	95	96	169	120	1	121	2
9-	164	53	41	95	96	160	118	1	119	4
10-	162	57	45	95	96	157	111	1	112	5
11-	154	70	54	95	96	151	96	1	97	3
12-	154	97	83	95	96	148	64	1	65	6
13-	146	95	81	94	95	144	62	1	63	2
14-	146	65	50	94	95	141	90	1	91	5
15-	143	64	50	94	95	141	90	1	91	2
16-	142	67	52	94	95	140	87	1	88	2
17-	140	77	59	93	94	132	72	1	73	8
18-	139	84	65	94	95	138	72	1	73	1
19-	139	61	48	94	95	137	88	1	89	2
20-	137	89	69	93	94	132	62	1	63	5
21-	136	98	83	94	95	135	51	1	52	1
22-	134	78	60	93	94	133	72	1	73	1
23-	132	66	52	93	94	131	78	1	79	1
24-	131	83	63	97	98	126	62	1	63	5
25-	130	82	63	93	94	129	65	1	66	1
26-	130	87	69	93	94	128	58	1	59	2
27-	129	37	29	90	92	124	93	2	95	5
28-	127	59	45	93	94	126	80	1	81	1
29-	125	28	23	90	92	122	97	2	99	3
30-	119	47	34	90	91	116	81	1	82	3
31-	113	40	32	90	91	111	78	1	79	2
32-	113	49	38	90	91	109	70	1	71	4
33-	111	74	58	97	98	98	39	1	40	13
34-	109	35	27	90	91	104	76	1	77	5
35-	108	22	18	90	91	91	72	1	73	17
36-	107	21	18	89	90	103	84	1	85	4
37-	106	76	59	97	99	103	42	2	44	3
38-	106	36	29	89	90	101	71	1	72	5
39-	104	38	29	89	90	99	69	1	70	5
40-	104	33	27	90	91	91	63	1	64	13
41-	101	44	33	89	90	95	61	1	62	6
42-	100	80	60	97	99	99	37	2	39	1
43-	100	75	59	97	99	99	38	2	40	1
44-	100	71	54	97	99	99	43	2	45	1
45-	100	46	34	90	91	97	62	1	63	3
46-	99	92	80	97	98	98	17	1	18	1
47-	99	90	80	97	98	98	17	1	18	1
48-	99	88	69	97	98	98	28	1	29	1
49-	99	69	54	97	98	98	43	1	44	1
50-	99	52	41	97	98	98	56	1	57	1
51-	99	34	27	89	90	97	69	1	70	2
52-	98	29	23	89	90	93	69	1	70	5
53-	95	26	19	88	89	91	71	1	72	4
54-	94	39	32	88	89	91	58	1	59	3
55-	93	41	32	90	92	92	58	2	60	1
56-	93	25	19	90	92	92	71	2	73	1
57-	93	27	23	89	90	91	67	1	68	2
58-	93	42	33	88	89	89	55	1	56	4
59-	91	31	24	88	89	89	64	1	65	2
60-	90	45	34	88	89	89	54	1	55	1
61-	90	30	24	88	89	89	64	1	65	1
62-	90	50	38	88	89	89	50	1	51	1
63-	33	17	15	15	16	16	0	1	1	17
64-	23	3	5	5	6	6	0	1	1	17
65-	22	18	17	17	18	18	0	1	1	4
66-	21	15	15	15	16	16	0	1	1	5
67-	18	16	15	15	17	17	0	2	2	1
68-	18	12	12	12	13	13	0	1	1	5
69-	16	13	12	12	13	13	0	1	1	3
70-	15	14	12	12	13	13	0	1	1	2
71-	15	10	10	10	11	11	0	1	1	4
72-	14	11	10	10	12	12	0	2	2	2
73-	13	9	10	10	12	12	0	2	2	1
74-	11	7	8	8	9	9	0	1	1	2
75-	11	5	5	5	6	6	0	1	1	5
76-	10	6	8	8	9	9	0	1	1	1
77-	7	4	5	5	6	6	0	1	1	1
78-	4	1	1	1	3	3	0	2	2	1
-------------------------------------------------------------------------------------

Statistics
----------
1- Total Orders: 98 [ ODN: 10, ODG: 15 , OT: 14, OVN: 6, OVC: 6, OVG: 0, COMBO: 47 ]

2- Total Chefs: 25 [ CN: 15, CS: 10 ]

3- Total Scooters: 10

4- Percentage of finished orders: 79.5918%

   Percentage of cancelled orders: 20.4082%

5- Percentage of overwait orders: 67.9487%

6- Average Ti: 57.5, Average Tc: 1.15385, Average Tw: 58.6538, Average Tserv: 3.66667

7- Scooters utilization: 41.5349%

8- Chefs utilization: 4.52093%

9- Scooter Failures: 4 (Percentage: 6.77966%)

